4 10
4 30
4 27
4 10
4 23
4 21
4 28
4 16
4 30
4 5
4 5
4 19
4 26
4 13
4 8
4 26
4 30
4 27
4 27
4 25
4 16
4 5
4 8
4 11
4 15
4 10
4 13
4 19
4 30
4 16
4 10
4 9
4 24
4 10
4 28
4 7
4 27
4 12
4 8
4 15
4 7
4 28
4 25
4 19
4 27
4 15
4 17
4 13
4 19
4 20
4 14
4 14
4 12
4 22
4 25
4 14
4 16
4 9
4 6
4 5
4 9
4 12
4 13
4 11
4 11
4 9
4 18
4 9
4 28
4 23
4 9
4 25
4 24
4 15
4 23
4 24
4 20
4 24
4 8
4 5
4 7
4 10
4 6
4 28
4 22
4 27
4 28
4 11
4 26
4 29
4 21
4 25
4 20
4 29
4 6
4 13
4 19
4 6
4 8
4 24
4 27
4 15
4 28
4 11
4 5
4 17
4 24
4 9
4 26
4 10
4 29
4 21
4 30
4 12
4 27
4 23
4 16
4 17
4 14
4 6
4 10
4 18
4 20
4 26
4 15
4 17
4 10
4 27
4 21
4 22
4 12
4 14
4 19
4 5
4 25
4 5
4 26
4 23
4 10
4 29
4 28
4 8
4 10
4 17
4 15
4 7
4 23
4 17
4 26
4 13
4 5
4 6
4 23
4 13
4 21
4 11
4 13
4 20
4 6
4 19
4 21
4 23
4 16
4 14
4 28
4 15
4 8
4 8
4 19
4 30
4 19
4 18
4 28
4 5
4 29
4 16
4 18
4 21
4 30
4 6
4 25
4 21
4 28
4 14
4 13
4 24
4 13
4 11
4 20
4 9
4 12
4 14
4 13
4 18
4 7
4 23
4 25
4 9
4 12
4 26
