1 11
1 19
1 10
0 15
1 11
0 5
0 8
0 15
0 11
1 16
1 20
0 18
1 26
0 22
1 12
1 14
1 19
1 16
0 9
1 5
1 8
0 20
1 24
0 5
1 18
1 28
0 20
0 11
0 30
1 24
0 28
1 5
0 28
0 23
0 6
1 26
0 28
0 25
0 26
0 23
1 8
1 13
0 12
1 8
0 25
1 30
0 28
1 17
1 13
0 26
1 15
0 11
0 14
1 17
0 20
1 5
0 22
0 30
0 27
1 6
1 28
1 6
0 24
1 17
1 5
0 5
1 28
0 13
0 21
1 5
1 24
0 24
0 6
0 15
1 22
0 28
1 30
0 19
1 10
1 11
0 16
0 16
0 28
1 5
1 23
1 11
0 29
1 23
1 25
0 27
0 18
0 13
1 26
1 11
1 12
0 18
0 14
0 21
0 7
1 8
0 27
1 7
0 10
1 24
1 22
0 19
1 9
1 9
0 19
1 8
1 14
1 13
1 18
0 17
1 14
0 7
1 21
1 19
0 5
1 14
0 29
0 15
0 10
0 28
0 9
1 21
1 7
1 29
0 29
0 21
1 23
1 30
1 17
0 26
1 8
1 23
1 13
1 6
0 29
0 22
0 7
0 13
0 26
1 24
1 23
0 10
1 13
0 11
1 27
1 12
1 7
1 20
1 24
1 24
1 22
1 14
1 18
1 8
0 30
0 12
1 18
0 23
1 12
0 10
0 15
0 20
0 15
0 22
1 30
0 10
0 23
0 27
0 16
1 7
0 23
0 11
1 27
0 5
0 13
1 7
0 9
0 5
0 13
1 28
0 15
0 10
0 22
1 12
0 26
0 9
0 26
1 6
1 14
1 16
0 13
1 7
1 20
1 12
0 22
1 8
