1 13
2 13
3 17
4 19
0 20
1 18
2 8
3 17
4 20
0 11
1 24
2 19
3 28
4 18
0 17
1 29
2 24
3 30
4 19
0 30
1 14
2 17
3 27
4 5
0 27
1 11
2 16
3 8
4 19
0 22
1 10
2 26
3 28
4 26
0 5
1 21
2 23
3 20
4 5
0 5
1 9
2 10
3 28
4 16
0 6
1 15
2 6
3 24
4 19
0 18
1 16
2 12
3 29
4 6
0 19
1 13
2 15
3 26
4 11
0 25
1 22
2 11
3 21
4 11
0 13
1 12
2 7
3 27
4 14
0 24
1 10
2 17
3 30
4 23
0 18
1 6
2 18
3 23
4 18
0 24
1 8
2 23
3 17
4 26
0 5
1 22
2 22
3 22
4 14
0 22
1 7
2 14
3 6
4 14
0 6
1 27
2 11
3 13
4 11
0 20
1 23
2 15
3 15
4 11
0 9
1 23
2 28
3 29
4 23
0 23
1 16
2 12
3 10
4 15
0 27
1 17
2 21
3 11
4 16
0 8
1 5
2 15
3 29
4 7
0 7
1 6
2 7
3 18
4 30
0 10
1 23
2 13
3 15
4 25
0 14
1 29
2 6
3 5
4 28
0 17
1 18
2 9
3 26
4 13
0 18
1 30
2 29
3 26
4 18
0 16
1 16
2 20
3 11
4 11
0 9
1 15
2 13
3 19
4 22
0 10
1 29
2 9
3 14
4 23
0 28
1 26
2 21
3 24
4 15
0 26
1 13
2 21
3 9
4 23
0 30
1 16
2 29
3 15
4 18
0 5
1 8
2 11
3 18
4 25
0 10
1 16
2 10
3 27
4 11
0 26
1 13
2 11
3 24
4 28
0 21
1 29
2 8
3 26
4 5
0 12
1 28
2 13
3 23
4 28
0 25
1 18
2 18
3 11
4 20
0 6
1 9
2 17
3 24
4 8
0 19
1 28
2 11
3 21
4 7
0 12
1 24
2 24
3 10
4 6
0 7
1 26
2 20
3 30
4 25
0 20
1 6
2 20
3 30
4 14
0 21
1 12
2 29
3 9
4 14
0 30
1 19
2 17
3 11
4 22
0 11
1 28
2 15
3 5
4 29
0 18
1 5
2 30
3 20
4 19
0 6
1 22
2 26
3 7
4 13
0 10
1 12
2 30
3 20
4 19
0 24
1 27
2 5
3 29
4 5
0 10
1 10
2 12
3 22
4 24
0 18
1 26
2 14
3 26
4 22
0 12
1 5
2 12
3 28
4 12
0 24
1 17
2 24
3 11
4 6
0 24
1 8
2 12
3 23
4 21
0 25
1 29
2 30
3 6
4 9
0 12
1 6
2 18
3 11
4 18
0 11
1 23
2 18
3 22
4 5
0 16
1 22
2 22
3 17
4 17
0 25
1 8
2 28
3 20
4 17
0 27
1 10
2 20
3 19
4 13
0 21
1 17
2 14
3 7
4 28
0 24
1 17
2 14
3 10
4 28
0 8
1 30
2 28
3 17
4 18
0 6
1 5
2 30
3 22
4 15
0 25
1 22
2 17
3 5
4 27
0 16
1 25
2 18
3 12
4 22
0 5
1 7
2 13
3 20
4 26
0 10
1 9
2 9
3 26
4 15
0 28
1 7
2 27
3 21
4 14
0 27
1 5
2 26
3 26
4 5
0 8
1 22
2 22
3 19
4 23
0 14
1 26
2 24
3 25
4 25
0 12
1 16
2 6
3 10
4 27
0 7
1 10
2 16
3 18
4 25
0 21
1 7
2 28
3 18
4 18
0 13
1 25
2 7
3 19
4 12
0 24
1 24
2 27
3 18
4 5
0 27
1 6
2 23
3 27
4 14
0 11
1 24
2 20
3 9
4 17
0 29
1 20
2 24
3 29
4 15
0 16
1 11
2 26
3 8
4 29
0 16
1 15
2 5
3 27
4 18
0 10
1 28
2 28
3 20
4 7
0 29
1 16
2 24
3 21
4 17
0 9
1 10
2 30
3 11
4 21
0 13
1 13
2 24
3 29
4 7
0 26
1 19
2 27
3 17
4 12
0 30
1 30
2 12
3 14
4 11
0 8
1 27
2 9
3 9
4 16
0 26
1 12
2 14
3 6
4 26
0 18
1 10
2 24
3 21
4 15
0 8
1 5
2 15
3 13
4 25
0 9
1 21
2 7
3 15
4 15
0 29
1 9
2 13
3 23
4 15
0 25
1 11
2 12
3 14
4 11
0 25
