1 10
1 29
1 30
1 7
1 8
1 16
1 22
1 21
1 9
1 12
1 10
1 19
1 26
1 5
1 26
1 10
1 27
1 15
1 19
1 21
1 18
1 27
1 21
1 8
1 15
1 30
1 11
1 21
1 23
1 19
1 17
1 19
1 30
1 26
1 11
1 16
1 28
1 21
1 11
1 14
1 14
1 9
1 25
1 11
1 8
1 9
1 27
1 8
1 15
1 20
1 10
1 11
1 9
1 5
1 28
1 5
1 28
1 26
1 28
1 14
1 5
1 11
1 18
1 16
1 25
1 19
1 13
1 29
1 5
1 13
1 28
1 12
1 16
1 20
1 7
1 19
1 30
1 27
1 15
1 22
1 30
1 16
1 18
1 13
1 27
1 21
1 19
1 21
1 20
1 26
1 5
1 6
1 21
1 18
1 10
1 27
1 20
1 17
1 8
1 22
1 16
1 10
1 17
1 13
1 26
1 8
1 21
1 16
1 5
1 9
1 14
1 29
1 24
1 8
1 20
1 15
1 15
1 22
1 9
1 6
1 22
1 26
1 6
1 6
1 8
1 6
1 22
1 25
1 24
1 27
1 25
1 17
1 20
1 13
1 23
1 15
1 28
1 10
1 7
1 10
1 19
1 8
1 18
1 26
1 20
1 11
1 11
1 6
1 19
1 13
1 8
1 27
1 28
1 8
1 13
1 13
1 30
1 8
1 26
1 23
1 27
1 6
1 7
1 8
1 5
1 24
1 5
1 30
1 23
1 22
1 25
1 9
1 21
1 24
1 18
1 19
1 12
1 13
1 11
1 12
1 19
1 10
1 13
1 9
1 8
1 22
1 29
1 22
1 30
1 12
1 6
1 15
1 16
1 28
1 17
1 13
1 29
1 19
1 8
1 26
