0 28
0 12
0 28
0 18
0 5
0 7
0 13
0 23
0 6
0 6
0 22
0 5
0 17
0 16
0 11
0 15
0 9
0 11
0 28
0 9
0 30
0 27
0 5
0 11
0 10
0 14
0 17
0 11
0 5
0 15
0 30
0 18
0 23
0 29
0 21
0 27
0 10
0 24
0 23
0 12
0 28
0 20
0 29
0 29
0 30
0 30
0 16
0 22
0 26
0 19
0 16
0 18
0 22
0 21
0 5
0 28
0 30
0 13
0 17
0 26
0 26
0 9
0 14
0 13
0 14
0 18
0 7
0 17
0 8
0 26
0 18
0 8
0 20
0 10
0 27
0 24
0 17
0 30
0 15
0 19
0 17
0 6
0 14
0 19
0 5
0 27
0 22
0 6
0 6
0 6
0 22
0 20
0 28
0 17
0 30
0 19
0 13
0 10
0 20
0 17
0 23
0 17
0 11
0 27
0 7
0 6
0 8
0 30
0 21
0 22
0 24
0 28
0 20
0 29
0 29
0 7
0 30
0 11
0 10
0 11
0 29
0 9
0 30
0 24
0 19
0 30
0 21
0 13
0 13
0 14
0 7
0 6
0 22
0 9
0 5
0 29
0 28
0 25
0 6
0 23
0 19
0 19
0 7
0 20
0 23
0 15
0 12
0 13
0 7
0 22
0 9
0 28
0 13
0 11
0 20
0 10
0 30
0 16
0 12
0 22
0 18
0 27
0 6
0 30
0 11
0 19
0 28
0 13
0 5
0 5
0 25
0 10
0 13
0 26
0 11
0 26
0 12
0 9
0 9
0 27
0 19
0 26
0 19
0 27
0 20
0 12
0 21
0 11
0 15
0 7
0 19
0 30
0 18
0 16
0 25
0 18
0 16
0 26
0 18
0 30
