3 17
3 26
3 29
3 21
3 30
3 17
3 18
3 24
3 13
3 17
3 29
3 17
3 23
3 6
3 15
3 30
3 30
3 17
3 11
3 14
3 6
3 5
3 9
3 17
3 28
3 16
3 5
3 10
3 7
3 24
3 11
3 6
3 23
3 22
3 26
3 27
3 23
3 9
3 8
3 15
3 6
3 10
3 22
3 12
3 18
3 19
3 9
3 18
3 29
3 7
3 27
3 21
3 25
3 16
3 14
3 5
3 9
3 26
3 13
3 6
3 13
3 25
3 28
3 29
3 21
3 24
3 9
3 13
3 10
3 14
3 24
3 24
3 16
3 30
3 25
3 21
3 9
3 6
3 9
3 25
3 21
3 28
3 7
3 13
3 13
3 12
3 13
3 22
3 24
3 7
3 30
3 5
3 25
3 9
3 28
3 22
3 11
3 16
3 8
3 11
3 5
3 24
3 29
3 22
3 29
3 24
3 17
3 5
3 25
3 12
3 25
3 30
3 5
3 18
3 15
3 17
3 27
3 11
3 17
3 9
3 14
3 23
3 12
3 20
3 30
3 15
3 25
3 5
3 26
3 7
3 14
3 25
3 13
3 27
3 30
3 9
3 27
3 7
3 9
3 30
3 5
3 20
3 20
3 11
3 5
3 17
3 17
3 27
3 7
3 21
3 6
3 21
3 13
3 9
3 18
3 16
3 9
3 15
3 12
3 18
3 7
3 30
3 14
3 13
3 27
3 6
3 24
3 25
3 19
3 19
3 10
3 24
3 5
3 12
3 7
3 7
3 26
3 18
3 10
3 24
3 29
3 30
3 26
3 25
3 29
3 19
3 22
3 5
3 30
3 30
3 22
3 21
3 18
3 29
3 6
3 25
3 24
3 27
3 9
3 12
