2 20
2 11
2 22
2 23
2 7
2 8
2 10
2 22
2 29
2 15
2 14
2 23
2 27
2 8
2 20
2 23
2 19
2 30
2 25
2 23
2 24
2 6
2 9
2 9
2 16
2 8
2 13
2 10
2 30
2 30
2 17
2 18
2 6
2 15
2 13
2 14
2 21
2 16
2 29
2 14
2 23
2 18
2 11
2 9
2 25
2 22
2 19
2 28
2 19
2 9
2 8
2 25
2 6
2 27
2 6
2 30
2 16
2 5
2 5
2 30
2 11
2 9
2 25
2 29
2 12
2 14
2 18
2 11
2 15
2 10
2 10
2 25
2 6
2 15
2 15
2 28
2 12
2 5
2 10
2 22
2 13
2 24
2 27
2 24
2 20
2 28
2 14
2 15
2 21
2 12
2 18
2 18
2 13
2 22
2 8
2 10
2 18
2 20
2 8
2 18
2 24
2 10
2 24
2 27
2 13
2 30
2 28
2 7
2 10
2 23
2 16
2 12
2 7
2 30
2 18
2 23
2 28
2 12
2 25
2 17
2 11
2 18
2 14
2 6
2 10
2 25
2 29
2 6
2 7
2 23
2 14
2 19
2 18
2 16
2 30
2 22
2 13
2 20
2 18
2 12
2 11
2 7
2 20
2 16
2 10
2 25
2 8
2 13
2 27
2 28
2 12
2 27
2 11
2 19
2 20
2 25
2 25
2 12
2 10
2 11
2 23
2 29
2 27
2 14
2 10
2 28
2 30
2 12
2 17
2 27
2 26
2 19
2 16
2 24
2 21
2 7
2 5
2 28
2 21
2 5
2 29
2 19
2 13
2 12
2 22
2 10
2 15
2 20
2 26
2 26
2 19
2 23
2 25
2 17
2 10
2 19
2 27
2 7
2 16
2 5
